MTSpace Best Patroller Strategy Numbers 
Type:Matrix of Size10x10
Game Time Range:1-10
Attack Time:1-10
Number of Steps:100
1          
11 34         
334 343 112        
3343 3434 1121 1121       
33433 34343 11211 11211 12345      
334334 343434 112112 112112 112345 112345     
3343343 3434343 1121121 1121121 1123454 1123454 1122345    
33433433 34343434 11211211 11211211 11212345 11234543 11223454 11212345   
334334334 343434343 112112112 112112112 123454321 112123454 121234543 112123454 112112345  
3343343343 3434343434 1121121121 1121121121 1123454321 1123454321 1121234543 1121234543 1121123454 1121122345 
